# Created by Octave 2.9.9, Wed Jun 06 12:59:45 2007 CEST <josele@josele-laptop>
# name: freq
# type: matrix
# rows: 401
# columns: 1
 9000
 10008977.5
 20008955
 30008932.5
 40008910
 50008887.5
 60008865
 70008842.5
 80008820
 90008797.5
 100008775
 110008752.5
 120008730
 130008707.5
 140008685
 150008662.5
 160008640
 170008617.5
 180008595
 190008572.5
 200008550
 210008527.5
 220008505
 230008482.5
 240008460
 250008437.5
 260008415
 270008392.5
 280008370
 290008347.5
 300008325
 310008302.5
 320008280
 330008257.5
 340008235
 350008212.5
 360008190
 370008167.5
 380008145
 390008122.5
 400008100
 410008077.5
 420008055
 430008032.5
 440008010
 450007987.5
 460007965
 470007942.5
 480007920
 490007897.5
 500007875
 510007852.5
 520007830
 530007807.5
 540007785
 550007762.5
 560007740
 570007717.5
 580007695
 590007672.5
 600007650
 610007627.5
 620007605
 630007582.5
 640007560
 650007537.5
 660007515
 670007492.5
 680007470
 690007447.5
 700007425
 710007402.5
 720007380
 730007357.5
 740007335
 750007312.5
 760007290
 770007267.5
 780007245
 790007222.5
 800007200
 810007177.5
 820007155
 830007132.5
 840007110
 850007087.5
 860007065
 870007042.5
 880007020
 890006997.5
 900006975
 910006952.5
 920006930
 930006907.5
 940006885
 950006862.5
 960006840
 970006817.5
 980006795
 990006772.5
 1000006750
 1010006727.5
 1020006705
 1030006682.5
 1040006660
 1050006637.5
 1060006615
 1070006592.5
 1080006570
 1090006547.5
 1100006525
 1110006502.5
 1120006480
 1130006457.5
 1140006435
 1150006412.5
 1160006390
 1170006367.5
 1180006345
 1190006322.5
 1200006300
 1210006277.5
 1220006255
 1230006232.5
 1240006210
 1250006187.5
 1260006165
 1270006142.5
 1280006120
 1290006097.5
 1300006075
 1310006052.5
 1320006030
 1330006007.5
 1340005985
 1350005962.5
 1360005940
 1370005917.5
 1380005895
 1390005872.5
 1400005850
 1410005827.5
 1420005805
 1430005782.5
 1440005760
 1450005737.5
 1460005715
 1470005692.5
 1480005670
 1490005647.5
 1500005625
 1510005602.5
 1520005580
 1530005557.5
 1540005535
 1550005512.5
 1560005490
 1570005467.5
 1580005445
 1590005422.5
 1600005400
 1610005377.5
 1620005355
 1630005332.5
 1640005310
 1650005287.5
 1660005265
 1670005242.5
 1680005220
 1690005197.5
 1700005175
 1710005152.5
 1720005130
 1730005107.5
 1740005085
 1750005062.5
 1760005040
 1770005017.5
 1780004995
 1790004972.5
 1800004950
 1810004927.5
 1820004905
 1830004882.5
 1840004860
 1850004837.5
 1860004815
 1870004792.5
 1880004770
 1890004747.5
 1900004725
 1910004702.5
 1920004680
 1930004657.5
 1940004635
 1950004612.5
 1960004590
 1970004567.5
 1980004545
 1990004522.5
 2000004500
 2010004477.5
 2020004455
 2030004432.5
 2040004410
 2050004387.5
 2060004365
 2070004342.5
 2080004320
 2090004297.5
 2100004275
 2110004252.5
 2120004230
 2130004207.5
 2140004185
 2150004162.5
 2160004140
 2170004117.5
 2180004095
 2190004072.5
 2200004050
 2210004027.5
 2220004005
 2230003982.5
 2240003960
 2250003937.5
 2260003915
 2270003892.5
 2280003870
 2290003847.5
 2300003825
 2310003802.5
 2320003780
 2330003757.5
 2340003735
 2350003712.5
 2360003690
 2370003667.5
 2380003645
 2390003622.5
 2400003600
 2410003577.5
 2420003555
 2430003532.5
 2440003510
 2450003487.5
 2460003465
 2470003442.5
 2480003420
 2490003397.5
 2500003375
 2510003352.5
 2520003330
 2530003307.5
 2540003285
 2550003262.5
 2560003240
 2570003217.5
 2580003195
 2590003172.5
 2600003150
 2610003127.5
 2620003105
 2630003082.5
 2640003060
 2650003037.5
 2660003015
 2670002992.5
 2680002970
 2690002947.5
 2700002925
 2710002902.5
 2720002880
 2730002857.5
 2740002835
 2750002812.5
 2760002790
 2770002767.5
 2780002745
 2790002722.5
 2800002700
 2810002677.5
 2820002655
 2830002632.5
 2840002610
 2850002587.5
 2860002565
 2870002542.5
 2880002520
 2890002497.5
 2900002475
 2910002452.5
 2920002430
 2930002407.5
 2940002385
 2950002362.5
 2960002340
 2970002317.5
 2980002295
 2990002272.5
 3000002250
 3010002227.5
 3020002205
 3030002182.5
 3040002160
 3050002137.5
 3060002115
 3070002092.5
 3080002070
 3090002047.5
 3100002025
 3110002002.5
 3120001980
 3130001957.5
 3140001935
 3150001912.5
 3160001890
 3170001867.5
 3180001845
 3190001822.5
 3200001800
 3210001777.5
 3220001755
 3230001732.5
 3240001710
 3250001687.5
 3260001665
 3270001642.5
 3280001620
 3290001597.5
 3300001575
 3310001552.5
 3320001530
 3330001507.5
 3340001485
 3350001462.5
 3360001440
 3370001417.5
 3380001395
 3390001372.5
 3400001350
 3410001327.5
 3420001305
 3430001282.5
 3440001260
 3450001237.5
 3460001215
 3470001192.5
 3480001170
 3490001147.5
 3500001125
 3510001102.5
 3520001080
 3530001057.5
 3540001035
 3550001012.5
 3560000990
 3570000967.5
 3580000945
 3590000922.5
 3600000900
 3610000877.5
 3620000855
 3630000832.5
 3640000810
 3650000787.5
 3660000765
 3670000742.5
 3680000720
 3690000697.5
 3700000675
 3710000652.5
 3720000630
 3730000607.5
 3740000585
 3750000562.5
 3760000540
 3770000517.5
 3780000495
 3790000472.5
 3800000450
 3810000427.5
 3820000405
 3830000382.5
 3840000360
 3850000337.5
 3860000315
 3870000292.5
 3880000270
 3890000247.5
 3900000225
 3910000202.5
 3920000180
 3930000157.5
 3940000135
 3950000112.5
 3960000090
 3970000067.5
 3980000045
 3990000022.5
 4000000000
