# Created by Octave 2.9.9, Wed Jun 06 12:37:12 2007 CEST <josele@josele-laptop>
# name: S11dB
# type: matrix
# rows: 401
# columns: 1
 -6.003863183845279
 -6.087998614580457
 -6.098229268400298
 -6.11853592985531
 -6.125675217136484
 -6.132076673831016
 -6.133434187871845
 -6.140765550272146
 -6.142653747395156
 -6.152633349596743
 -6.152041241049149
 -6.159213583356378
 -6.155143500074685
 -6.168021062337084
 -6.177010452924808
 -6.18806585508452
 -6.183266394137794
 -6.195295264260473
 -6.197383552404849
 -6.210001327345847
 -6.220902580613239
 -6.21635539048213
 -6.230606504466748
 -6.244967949886082
 -6.253976116556322
 -6.257761225254344
 -6.265457905079032
 -6.267730288342798
 -6.28441490834571
 -6.294900349273656
 -6.29126998604958
 -6.320702907545453
 -6.318519670375359
 -6.316171107308506
 -6.338882604745271
 -6.351183442038801
 -6.359705580088657
 -6.370838777342575
 -6.388103213598514
 -6.403166990598378
 -6.413163284901358
 -6.413808794190913
 -6.424992708480627
 -6.456154490716401
 -6.461797764078925
 -6.491826394728263
 -6.505481861795016
 -6.510971439558712
 -6.539489821813715
 -6.568403147412005
 -6.584638626822445
 -6.595417669279798
 -6.594754838186238
 -6.616967414742929
 -6.629201982724809
 -6.639266806805423
 -6.667368600573386
 -6.692396109286927
 -6.710926116275723
 -6.725736835491587
 -6.751072677319502
 -6.76703105089805
 -6.786891504862558
 -6.825205924620461
 -6.860947884080827
 -6.890420256176765
 -6.918843187841659
 -6.955613966489329
 -6.991482164171583
 -7.022438948877742
 -7.058287619582366
 -7.090192155924877
 -7.127942627161184
 -7.158068639490768
 -7.188227079349709
 -7.210065059789709
 -7.251179516082676
 -7.276162181230194
 -7.308922672113774
 -7.346651618630973
 -7.379261403203015
 -7.440641004827519
 -7.474533448376727
 -7.528611574600058
 -7.573350126335447
 -7.61901013637042
 -7.683962955307816
 -7.745932768670308
 -7.80329352149856
 -7.863070901778944
 -7.887590633741391
 -7.978648865014585
 -8.050409759329247
 -8.123351738160562
 -8.21098219096646
 -8.258339746764651
 -8.32036537467947
 -8.388967549139458
 -8.454737571022108
 -8.520753671217271
 -8.584364326425725
 -8.67648553684251
 -8.757672230799738
 -8.857412840654227
 -8.967062831807283
 -9.045610386189205
 -9.12430008073602
 -9.23907114961138
 -9.340307099176089
 -9.439697668429607
 -9.542383816861918
 -9.656426724591041
 -9.774598572013611
 -9.912242387421612
 -10.04597961840875
 -10.16368696983557
 -10.29588226191619
 -10.43300557495288
 -10.57988163991424
 -10.7205941976362
 -10.87418056304463
 -11.02154356799998
 -11.21431639172
 -11.37276545532308
 -11.54595215858522
 -11.73645600884996
 -11.93410081163519
 -12.1207109036177
 -12.33003422089887
 -12.54051815582418
 -12.73674582044839
 -12.98374423653993
 -13.23297121749777
 -13.50756912848602
 -13.79869908653776
 -14.02584736371275
 -14.29499735395599
 -14.59654841552992
 -14.91888094290612
 -15.24556543962107
 -15.57513874093646
 -15.92311044395058
 -16.2923721616159
 -16.68706324880383
 -17.06157842865727
 -17.48680571816217
 -17.97762873513351
 -18.46192729048483
 -18.93902847826683
 -19.47790311593696
 -20.04494778175942
 -20.63111223789965
 -21.30029758745734
 -21.97407464316598
 -22.62514760598461
 -23.41614518356061
 -24.14109536335949
 -24.99891640757262
 -25.64973956846678
 -26.28886956034478
 -26.85813900842006
 -27.26379599505611
 -27.37130920990957
 -27.28318618892184
 -27.01233823988921
 -26.55332461260639
 -25.84843984831142
 -25.23368183884298
 -24.56563331680573
 -23.8688708973301
 -23.16010203304302
 -22.55373879067616
 -21.97075618022156
 -21.50029324393166
 -20.95971963859995
 -20.4545484186818
 -20.01150771677517
 -19.59316198232433
 -19.25020365051307
 -18.89109201322101
 -18.52564150091238
 -18.25578649195733
 -17.93372683966876
 -17.69079382007965
 -17.50004928710427
 -17.29432748018719
 -17.04724482796342
 -16.90600852766439
 -16.76206126264138
 -16.59848596936218
 -16.47302521948381
 -16.35337305169325
 -16.25198219079218
 -16.13525405767589
 -16.0455046992116
 -15.94764825248738
 -15.90861448733797
 -15.89353658989211
 -15.83956138040313
 -15.78907623562748
 -15.78448069764253
 -15.76511969019657
 -15.76420469312795
 -15.79049077119845
 -15.75466590226605
 -15.78484835011229
 -15.81778570683794
 -15.85262071639869
 -15.87381748313195
 -15.89764123619847
 -15.88378784889465
 -15.91586933284161
 -15.95174675668339
 -16.01048963819471
 -16.07917246179927
 -16.1447506120293
 -16.16087056323732
 -16.21700458488109
 -16.25552888481618
 -16.32891746712245
 -16.45852003130166
 -16.44802715368242
 -16.57060913479695
 -16.60988994871136
 -16.66480734835667
 -16.75348868709396
 -16.79879781593559
 -16.87346859924284
 -16.92771036747394
 -17.04729932689985
 -17.08400576071893
 -17.11704339500956
 -17.16670298557857
 -17.25421801118494
 -17.29552558313857
 -17.37773367177332
 -17.41260646168048
 -17.44014947876731
 -17.4725560032248
 -17.4874228515953
 -17.54247661355891
 -17.60157265110342
 -17.70712778919777
 -17.70551681829829
 -17.73258750585151
 -17.76798814044984
 -17.80501165784689
 -17.85697047437952
 -17.87039412431262
 -17.89196582052251
 -17.92815324158662
 -17.95860699546289
 -17.95203962116681
 -17.96540517831478
 -17.96547386442109
 -17.98179070911963
 -17.87712755760242
 -17.95638027248732
 -17.8940983741105
 -17.94221082871653
 -17.90337265493783
 -17.92372425421612
 -17.93723864843322
 -17.92543985388935
 -17.85465637977159
 -17.88453428110899
 -17.84308702073357
 -17.81227478706748
 -17.79650767779253
 -17.71098914064409
 -17.74412225331539
 -17.64578742168882
 -17.62043735853241
 -17.61751127485421
 -17.51798933627923
 -17.48106403497063
 -17.49099693973637
 -17.45876082707515
 -17.35923079090092
 -17.37273719916759
 -17.30109831827556
 -17.24875438033538
 -17.23760551011279
 -17.22835521251098
 -17.19882236856163
 -17.15410488243246
 -17.18483543392288
 -17.08897153728632
 -16.98269974660909
 -16.98636290427101
 -16.89908382374572
 -16.79801378920858
 -16.84947737260696
 -16.75264768790184
 -16.75974161501961
 -16.74389718993911
 -16.73017384435549
 -16.67392201459201
 -16.69435920574321
 -16.6913030819962
 -16.72536302700945
 -16.73090034573804
 -16.69819638934199
 -16.68304077368236
 -16.70928735528069
 -16.73639293871448
 -16.74179186910611
 -16.76218450711908
 -16.76499807008518
 -16.84753694268801
 -16.80638738504595
 -16.79545402009217
 -16.81933795947036
 -16.8476432468534
 -16.84565590759889
 -16.87287063911444
 -16.87951324585746
 -16.92060328493431
 -16.95428705401063
 -16.95813450999606
 -16.99836781530234
 -17.02981135051533
 -17.08000714041984
 -17.14182485233743
 -17.19576253927266
 -17.27329943609948
 -17.3787161290582
 -17.41749550711205
 -17.47898193684847
 -17.61879016136091
 -17.69391725980038
 -17.76814647340123
 -17.87822042446981
 -18.03806759688387
 -18.05811688745677
 -18.15214008791703
 -18.2704552932336
 -18.35556614695928
 -18.44201421702482
 -18.55859648542138
 -18.65023839974514
 -18.81190690048627
 -18.94723879218657
 -19.09025163705449
 -19.19607356408637
 -19.38065637277946
 -19.49127981182802
 -19.6655796690304
 -19.82592161376844
 -19.92175802279896
 -20.07226029271523
 -20.12780001754509
 -20.27257285965428
 -20.34688664814705
 -20.44955123817434
 -20.38137449033779
 -20.44897993743286
 -20.57104800404613
 -20.6279983694474
 -20.58428088956018
 -20.57949218857996
 -20.6095881294535
 -20.47819309036478
 -20.44566560344862
 -20.44826964588601
 -20.24577312374969
 -20.13065610121771
 -19.99529424827588
 -19.85477135992799
 -19.6194306174085
 -19.42634135973113
 -19.23559862690541
 -19.01864776279233
 -18.73972135432725
 -18.4980588382752
 -18.25784207344211
 -17.99781445148774
 -17.78744976940788
 -17.51414422686367
 -17.23178274835421
 -16.9997738834499
 -16.76050243259226
 -16.55461593335411
 -16.30117118910528
 -16.06936309785416
 -15.85758950053883
 -15.57428011485706
 -15.38636660704866
 -15.17270613244991
 -14.938403501734
 -14.74850547502677
 -14.52652089298946
 -14.38028270161288
 -14.13777022427368
 -13.9447156740164
