# Created by Octave 2.9.9, Wed Jun 06 12:37:23 2007 CEST <josele@josele-laptop>
# name: S11dB
# type: matrix
# rows: 401
# columns: 1
 -5.994211818225995
 -6.04502030729464
 -6.052901912735456
 -6.070801801798602
 -6.078678635509927
 -6.084374245988849
 -6.084783868828552
 -6.098440865366955
 -6.09194692382709
 -6.09715183297828
 -6.105483690687358
 -6.108405762926127
 -6.114139105127741
 -6.121443218440742
 -6.135669706004161
 -6.14288423220155
 -6.134660505325016
 -6.152091279989649
 -6.145135829645422
 -6.16603828927839
 -6.166652761564643
 -6.174151685488488
 -6.187208425637321
 -6.189439858303007
 -6.200536789470501
 -6.20903124145355
 -6.223382600808186
 -6.233575488420336
 -6.245392574578039
 -6.254501725452553
 -6.253531510727283
 -6.276387815152134
 -6.283514891231579
 -6.289687204198959
 -6.297272736419284
 -6.316699998402665
 -6.317376682817198
 -6.344151188188468
 -6.352643852613359
 -6.373251826533357
 -6.380515634124922
 -6.395040268046815
 -6.416369050172026
 -6.428641502046032
 -6.442494319573834
 -6.468305435093699
 -6.48648525188746
 -6.494269470376084
 -6.513099898208877
 -6.536672799790329
 -6.550651410359952
 -6.574099004964852
 -6.593166732473574
 -6.618664449093812
 -6.628435555588973
 -6.649736490205691
 -6.66772723706722
 -6.700794081398142
 -6.736308137774526
 -6.751003197095726
 -6.771220250113645
 -6.788219685216256
 -6.802379527905971
 -6.840438585463292
 -6.883072469493455
 -6.924221652066395
 -6.949188295458829
 -6.984107914883268
 -7.021818245722228
 -7.040973197627622
 -7.079278708907505
 -7.119667992921795
 -7.150889698878585
 -7.193727602561384
 -7.225734422544071
 -7.254178923146528
 -7.302708613114167
 -7.329062251042902
 -7.386280444690291
 -7.41632567960525
 -7.462391415802147
 -7.520012718782341
 -7.551351742281243
 -7.602359749012794
 -7.660210283372971
 -7.701975688262083
 -7.764403151607297
 -7.814535158921
 -7.889148850712484
 -7.955938080654807
 -8.025065330444175
 -8.082612615682624
 -8.13008826648886
 -8.221322851334987
 -8.288455570080576
 -8.366257380133446
 -8.424835812324101
 -8.502876286890061
 -8.568277071526824
 -8.639297776557012
 -8.684216871393103
 -8.79342149122253
 -8.884405581249604
 -8.979101918917426
 -9.068821223107063
 -9.158039332443849
 -9.24603812391025
 -9.356783284755425
 -9.471315287509288
 -9.563634691098779
 -9.6668460460725
 -9.781167811602113
 -9.885321484995462
 -10.02990635619952
 -10.16743228151705
 -10.28986126304506
 -10.42862457202208
 -10.55940822218656
 -10.69736040596088
 -10.83589715980362
 -10.98055574406909
 -11.15494268800792
 -11.31973996857779
 -11.49188356400813
 -11.65424012019644
 -11.82571402233475
 -12.00784009136301
 -12.19056961634656
 -12.43046150178069
 -12.63236181638205
 -12.81281749277314
 -13.0374192683028
 -13.28789944093561
 -13.52661640522679
 -13.80266302427458
 -14.01921487134047
 -14.26658948744608
 -14.55725491997925
 -14.86407233923423
 -15.16565934838303
 -15.49116001743286
 -15.8228253984609
 -16.14984651979053
 -16.50012618287775
 -16.86260147989674
 -17.24235395777594
 -17.67674293796532
 -18.13082884925599
 -18.5779680081948
 -19.04539064116949
 -19.48943870685062
 -20.00108009758011
 -20.58096000075641
 -21.24490699870481
 -21.73617702266172
 -22.42810113217022
 -23.12226267014341
 -23.86658182989087
 -24.57229603591763
 -25.32651877368028
 -26.05361259712313
 -26.73410944139891
 -27.40286415426191
 -27.79724229871062
 -28.05559097397071
 -27.98162945923101
 -27.69944307426852
 -27.36429905352072
 -26.88250627157936
 -26.07597545239928
 -25.49080487994743
 -24.87913482030957
 -24.12927677973279
 -23.6826214007728
 -23.13908974434979
 -22.59300965573096
 -22.07685579525552
 -21.5688840078264
 -21.19763808321757
 -20.7613855904291
 -20.32403862450465
 -19.99782955899684
 -19.5803275785332
 -19.30098845938813
 -18.98477048694116
 -18.71275258659601
 -18.42199071811313
 -18.19132300557964
 -18.01716091327366
 -17.78938450037052
 -17.61176659752026
 -17.41033331523524
 -17.27234936947781
 -17.11873549309229
 -16.97043160912422
 -16.83923049527903
 -16.6780872155196
 -16.58299575579386
 -16.47766041209703
 -16.38811593917426
 -16.30369639915247
 -16.22717914643735
 -16.11817196397017
 -16.05288224263557
 -15.98068193765665
 -15.9702843432281
 -15.9271115467614
 -15.87793407947136
 -15.85830194551835
 -15.77908927759655
 -15.76664358927161
 -15.70555238796672
 -15.68537554223973
 -15.654062708278
 -15.72843749418801
 -15.68247280973009
 -15.63068467570101
 -15.6248790959991
 -15.63710084068104
 -15.63238944941789
 -15.62889534809303
 -15.58998073118994
 -15.61799939849316
 -15.60679245926173
 -15.63445448128909
 -15.61462962397968
 -15.59584648511162
 -15.59467410386952
 -15.63720732885712
 -15.66064783662219
 -15.64815212336456
 -15.6234474747151
 -15.63274040181678
 -15.66122074399991
 -15.66864544539728
 -15.74098847192073
 -15.7470393316031
 -15.73003491557552
 -15.74590063969577
 -15.71751731724636
 -15.73700630057034
 -15.76009957425509
 -15.80303043026646
 -15.82740330062404
 -15.87120362159157
 -15.86866925955041
 -15.89445578620283
 -15.89091126819117
 -15.92071263802936
 -15.93583270152756
 -15.92153709966754
 -16.00987812241271
 -15.99077173062024
 -16.04699839022187
 -16.05874062787
 -16.05821178511643
 -16.02073038807239
 -16.0928574370288
 -16.11610862300176
 -16.13627800046531
 -16.17109756085188
 -16.1685830964242
 -16.15353894242474
 -16.20048963132054
 -16.25168279052881
 -16.26699172389029
 -16.30631326921788
 -16.37374905827181
 -16.33298612607646
 -16.36932451809525
 -16.37823608116793
 -16.41161393491704
 -16.45315497641685
 -16.46925592084474
 -16.51649958277982
 -16.52145767687756
 -16.58109778502439
 -16.6099678084238
 -16.57874036520435
 -16.62774870095642
 -16.60316658548992
 -16.68829014540776
 -16.66773849226646
 -16.71852658007335
 -16.7658932221023
 -16.75025261567259
 -16.7776037765465
 -16.79573441336123
 -16.81464989843413
 -16.85847683215465
 -16.84246261878598
 -16.84620205834312
 -16.90580907729999
 -16.84588320162725
 -16.86018145831274
 -16.98286302711413
 -16.98483518191932
 -16.98507356877228
 -17.05495713883527
 -17.12871086770046
 -17.1244057817331
 -17.20927566261316
 -17.27498746328649
 -17.34519505744716
 -17.3114231837004
 -17.41265852785144
 -17.39176072567478
 -17.514648647399
 -17.52790857019939
 -17.60829514188843
 -17.62005064020519
 -17.68581594122321
 -17.67823250115089
 -17.69019136882154
 -17.73421741281471
 -17.74420938266909
 -17.75348567400209
 -17.80053018400843
 -17.84365535980553
 -17.89632776309319
 -17.90374607290305
 -17.906708070759
 -17.91335856943414
 -17.9954554560648
 -18.04470974489794
 -18.04904800398299
 -18.05655162204976
 -18.09402805387857
 -18.16325216067836
 -18.13312817091743
 -18.11784012707761
 -18.18759938906282
 -18.17566339972269
 -18.26509694030116
 -18.20035845891303
 -18.20128773656991
 -18.21440267411788
 -18.21780518268576
 -18.15464860401728
 -18.14981790798551
 -18.05226112054081
 -18.09900331919535
 -18.04099769573134
 -17.95838672626012
 -17.96323360856529
 -17.8978836793843
 -17.88694550946716
 -17.88296343125903
 -17.82285017589849
 -17.69943871015563
 -17.73948165524021
 -17.67834026216186
 -17.60267906738112
 -17.48574798562819
 -17.36442622641914
 -17.16433036879443
 -17.14713572988593
 -17.05766164084638
 -17.01683453994651
 -16.92678580093173
 -16.8653852762527
 -16.78559391281652
 -16.63154627408155
 -16.55300713601826
 -16.43504376517923
 -16.24209173948036
 -16.14303364093226
 -16.04772225093271
 -15.9232038848762
 -15.83506843150124
 -15.75189675251325
 -15.68644287668434
 -15.55594233894794
 -15.48162608559776
 -15.34168082444774
 -15.20035642893077
 -15.13251967369699
 -15.02466050334002
 -14.91522807903483
 -14.79094220214245
 -14.69513253518958
 -14.65846438062265
 -14.54966069930375
 -14.4126361697508
 -14.35239023771295
 -14.20606118393633
 -14.16732663148614
 -14.02153538779389
 -13.97532411096689
 -13.9152620400267
 -13.83690604110583
 -13.79646848178648
 -13.76619208683531
 -13.66411136550404
 -13.5201930243507
