# Created by Octave 2.9.9, Wed Jun 06 12:37:33 2007 CEST <josele@josele-laptop>
# name: S11dB
# type: matrix
# rows: 401
# columns: 1
 -5.995662800125517
 -6.048384528746151
 -6.065006272753758
 -6.074501538677989
 -6.069211164617691
 -6.066497044147038
 -6.06608915894273
 -6.071863466670036
 -6.069908609680754
 -6.070888943891273
 -6.061570656031132
 -6.060136671540631
 -6.07032327860118
 -6.060945800426243
 -6.051386443458473
 -6.045047929480862
 -6.03313728971635
 -6.036008333693161
 -6.031904493979798
 -6.028412085480964
 -6.008299034978787
 -6.008369031918247
 -6.008369281836085
 -6.003117566948282
 -5.9918046880955
 -5.985130320320836
 -5.977189497447348
 -5.975747656864913
 -5.973969959828026
 -5.947507107818471
 -5.936482188377016
 -5.926802671135166
 -5.911076315431761
 -5.889198857515562
 -5.871700480566862
 -5.864846941225173
 -5.843321125233071
 -5.847905295838674
 -5.838153259151485
 -5.819376396734864
 -5.804264207835756
 -5.784450597700185
 -5.77904968211072
 -5.754918322960205
 -5.752306106795312
 -5.748501678994002
 -5.732764624196866
 -5.72820941621003
 -5.737123940232797
 -5.725508780959806
 -5.666637006949765
 -5.645619299752092
 -5.61122387753766
 -5.605413501207558
 -5.573385357557515
 -5.562833089863907
 -5.542294893824588
 -5.524208931906731
 -5.519178289894814
 -5.48066542939104
 -5.468515643612964
 -5.452350516609342
 -5.431067923883131
 -5.409276390536321
 -5.400886751038843
 -5.381746825412527
 -5.379233667594939
 -5.383313825562736
 -5.384084748727139
 -5.35570246811221
 -5.313655226479463
 -5.290778136280978
 -5.272739298751398
 -5.242332494117092
 -5.209602651565911
 -5.189678344392706
 -5.170008069687269
 -5.151394421725774
 -5.117890966941271
 -5.102465867672562
 -5.087007750374689
 -5.065982541729372
 -5.033125002995322
 -5.02177719289859
 -4.997717473842298
 -4.976888040764006
 -4.968727628939286
 -4.942835475826216
 -4.94360334892559
 -4.924074451762947
 -4.902849409994658
 -4.892362541291871
 -4.871082966408841
 -4.85343819216162
 -4.845015541615076
 -4.814615300924671
 -4.796157331493689
 -4.773679014043447
 -4.738610637663381
 -4.719591624979005
 -4.648040743574366
 -4.676439888719413
 -4.64712626549722
 -4.644725790893776
 -4.62172818312072
 -4.608076622818943
 -4.585430279332535
 -4.571844172145688
 -4.54739256839367
 -4.520934840900368
 -4.511807524747296
 -4.496996473826036
 -4.472333395224227
 -4.476558789169609
 -4.446482410354353
 -4.435419405847332
 -4.417444089760257
 -4.398763095657402
 -4.378548637648295
 -4.368334054193638
 -4.344080917885239
 -4.342446780932327
 -4.32635315901943
 -4.304965938017694
 -4.302492469752504
 -4.274182051108244
 -4.256359624861713
 -4.242518502220544
 -4.238472256855238
 -4.232120326281411
 -4.199391179551679
 -4.19282716857174
 -4.189033729744001
 -4.188515887397572
 -4.181961612614251
 -4.147358063178994
 -4.147634875896278
 -4.127397312950357
 -4.130907905424638
 -4.109296704490602
 -4.099853315069602
 -4.103558516557019
 -4.083680960435403
 -4.095690505750553
 -4.070458729591349
 -4.071992403216801
 -4.084825624350236
 -4.082354818594276
 -4.078914640070487
 -4.077118067415157
 -4.069521061810065
 -4.075349226796478
 -4.083619010682599
 -4.095233358339112
 -4.091197490895005
 -4.110054204922685
 -4.122855761782203
 -4.141203781176684
 -4.165953932125299
 -4.187149445168993
 -4.218095066982243
 -4.240324791183153
 -4.279740892679976
 -4.303999937090969
 -4.345632029479381
 -4.382033573313821
 -4.419753244430561
 -4.458806063702451
 -4.510811385423525
 -4.567763049038687
 -4.621946686917359
 -4.681406698252753
 -4.741533281077544
 -4.805791169721627
 -4.889235127470791
 -4.965874652331967
 -5.031739551353478
 -5.129765219560461
 -5.21134732844197
 -5.289285875904756
 -5.377646031429203
 -5.479546755243807
 -5.571129818386761
 -5.673401129380617
 -5.782986366294212
 -5.903279736233776
 -6.012597439427269
 -6.118561592585925
 -6.244496461225952
 -6.371984142475232
 -6.479078961446976
 -6.610775584136015
 -6.72883397098989
 -6.867729877392975
 -7.020196629331701
 -7.154604740462222
 -7.28903266528699
 -7.405344417208735
 -7.551722562489454
 -7.707680993595022
 -7.850295222880304
 -7.981041238605011
 -8.129633440332109
 -8.271803260880924
 -8.41177144848367
 -8.554875966746966
 -8.695325834898064
 -8.839091619321627
 -8.964389659642855
 -9.112989447701059
 -9.25485214313577
 -9.394624918331722
 -9.561611534248568
 -9.698828437385114
 -9.864634872227608
 -9.984193889770733
 -10.13061719711766
 -10.2446019043263
 -10.38424125771051
 -10.53749755090735
 -10.69651040530533
 -10.82347305442216
 -10.95327678178104
 -11.05570213207336
 -11.20631984388146
 -11.31724260504698
 -11.44330934792976
 -11.55237888867261
 -11.68816432187253
 -11.79707342808976
 -11.9192363571841
 -12.04064697638127
 -12.1413562341154
 -12.26297825746244
 -12.37398326449797
 -12.49911807467769
 -12.63840357507971
 -12.72268741582873
 -12.82701874992908
 -12.89939396483927
 -13.04069844830653
 -13.12111917731841
 -13.23196100867901
 -13.37266390033668
 -13.47840375059304
 -13.54312667952869
 -13.67265575409702
 -13.74596563262964
 -13.84967111870051
 -13.9290818386741
 -13.9958718099496
 -14.0739823220739
 -14.17393352831189
 -14.29550196792253
 -14.35841544268921
 -14.40436479400667
 -14.44344519623923
 -14.52915562880825
 -14.59609997192518
 -14.71263335432045
 -14.79697511842519
 -14.86080375109537
 -14.88544935616407
 -14.94222246765504
 -15.04524286611288
 -15.12018397651671
 -15.16899113580641
 -15.24439459412893
 -15.2763627107964
 -15.307601650035
 -15.3816347820365
 -15.40458732001844
 -15.49474112528332
 -15.57094069949765
 -15.63611835470016
 -15.62507746921908
 -15.69204892590787
 -15.72136326834116
 -15.76879782452581
 -15.79374391363468
 -15.86870791727521
 -15.88188305211925
 -15.93443292825285
 -15.97770263270876
 -16.04328821506409
 -16.06055960744633
 -16.14975358264321
 -16.15125490111307
 -16.1616622518636
 -16.23409200958829
 -16.19222872811059
 -16.25608818487856
 -16.30877256471958
 -16.28214361406946
 -16.31198087608275
 -16.38631939261106
 -16.40245679743717
 -16.42187029896795
 -16.50302260076464
 -16.55356592194546
 -16.5934824219517
 -16.64126258536199
 -16.68421489784711
 -16.74597918299622
 -16.79560478361409
 -16.83674234383396
 -16.86926001772303
 -16.96220021248368
 -17.02076752030984
 -17.10557764387955
 -17.11852541923175
 -17.16603906377507
 -17.21261530587445
 -17.19518357759307
 -17.2226810636223
 -17.30704184395393
 -17.32867076130221
 -17.39588109496629
 -17.38553417280745
 -17.41862101221744
 -17.43339935074304
 -17.45249595049269
 -17.5218816146565
 -17.52718118653904
 -17.56350160799189
 -17.61705864372175
 -17.70793980223517
 -17.811371059616
 -17.78719702557072
 -17.77478148104255
 -17.82206617768318
 -17.85319954972447
 -17.90950216068883
 -18.02503217988072
 -17.98265245268848
 -18.08237081620121
 -18.03953259912668
 -18.03704969730884
 -18.05252419627325
 -18.03272515013111
 -18.05629097591207
 -18.10718266876519
 -18.1666345765138
 -18.17829001630001
 -18.20282316136251
 -18.20397381482968
 -18.2271745165491
 -18.22369567160163
 -18.21964331244754
 -18.27113047621806
 -18.24139468154367
 -18.216759178408
 -18.16195651790097
 -18.10949289633908
 -18.05772084725555
 -17.98021595449035
 -17.95580377653098
 -17.92409115333276
 -17.85529174546794
 -17.74805122226607
 -17.7092732488825
 -17.58507675800349
 -17.56003189029462
 -17.46389742827237
 -17.35695073530171
 -17.28298743773692
 -17.20869054981697
 -17.11281533592756
 -16.99259810494994
 -16.9349195453881
 -16.862323701073
 -16.74796423721018
 -16.65960030049926
 -16.56408014662177
 -16.43005997428978
 -16.35453589058575
 -16.20457427295328
 -16.12283014657375
 -16.02267371385672
 -15.91514464265585
 -15.76558740843114
 -15.66759175154149
 -15.51560323339528
 -15.46884877401873
 -15.34343850335104
 -15.25195252153188
 -15.14559884746769
 -15.04857457128404
 -14.98961627794435
 -14.86142075167076
 -14.72915513453929
 -14.64021416104012
 -14.54698033010462
 -14.3994692146351
 -14.30405582342459
